0 0.454269 0.311615 0.116277 0.214378                              
0 0.590057 0.396545 0.096197 0.161476                              
0 0.505541 0.553080 0.110479 0.200800                              
0 0.343899 0.317091 0.092738 0.134114                              
0 0.573987 0.220696 0.067308 0.135869                              
0 0.528979 0.283576 0.077611 0.209515                              
0 0.428859 0.513252 0.094072 0.254689                              
0 0.357883 0.512039 0.058055 0.127217                              
0 0.608524 0.581052 0.097117 0.198268                              
0 0.411541 0.415767 0.040036 0.091830                              
