0 0.455693 0.311098 0.117260 0.204561                              
0 0.590073 0.397682 0.095775 0.163839                              
0 0.343785 0.316064 0.093442 0.136784                              
0 0.520749 0.571302 0.115048 0.195146                              
0 0.573455 0.221774 0.064781 0.138464                              
0 0.357513 0.515617 0.065157 0.125015                              
0 0.529242 0.283964 0.077774 0.200556                              
0 0.617851 0.582258 0.095448 0.209976                              
0 0.445942 0.518731 0.077750 0.236543                              
0 0.469061 0.476070 0.068047 0.148466                              
