0 0.453760 0.314689 0.117231 0.219033                              
0 0.589758 0.396116 0.092196 0.164802                              
0 0.521909 0.570660 0.114418 0.195814                              
0 0.343912 0.315051 0.096644 0.135364                              
0 0.427323 0.530977 0.098106 0.234187                              
0 0.574162 0.220948 0.065624 0.139078                              
0 0.528986 0.283847 0.078696 0.216535                              
0 0.357419 0.513117 0.061814 0.112667                              
0 0.618004 0.581812 0.094359 0.208902                              
0 0.396994 0.436928 0.045304 0.079172                              
